2459464.1493208 0.9808 0.0183
2459464.1507445 1.0062 0.0181
2459464.1521682 1.0044 0.0179
2459464.1535803 1.0165 0.0177
2459464.1550039 1.0086 0.0177
2459464.1564160 1.0333 0.0174
2459464.1578397 1.0278 0.0173
2459464.1592633 1.0104 0.0173
2459464.1606754 0.9676 0.0173
2459464.1620991 1.0170 0.0171
2459464.1635227 1.0513 0.0171
2459464.1649464 1.0174 0.0172
2459464.1663585 1.0199 0.0168
2459464.1677821 0.9856 0.0168
2459464.1692058 1.0170 0.0165
2459464.1706179 1.0175 0.0165
2459464.1720415 1.0256 0.0162
2459464.1734652 1.0059 0.0163
2459464.1748889 1.0302 0.0163
2459464.1763010 0.9896 0.0161
2459464.1777246 0.9952 0.0161
2459464.1791483 0.9814 0.0158
2459464.1805604 1.0090 0.0157
2459464.1819840 0.9882 0.0158
2459464.1833961 1.0020 0.0155
2459464.1848198 0.9734 0.0155
2459464.1862434 0.9698 0.0153
2459464.1876671 0.9811 0.0155
2459464.1890792 0.9860 0.0160
2459464.1905028 0.9646 0.0154
2459464.1952137 0.9884 0.0151
2459464.1966257 0.9634 0.0149
2459464.1980494 0.9857 0.0151
2459464.1994731 0.9922 0.0151
2459464.2008852 0.9547 0.0149
2459464.2023088 0.9805 0.0147
2459464.2037325 0.9691 0.0146
2459464.2051446 0.9610 0.0151
2459464.2065682 0.9741 0.0145
2459464.2079919 0.9474 0.0141
2459464.2094040 0.9923 0.0142
2459464.2108276 0.9651 0.0140
2459464.2122513 0.9803 0.0143
2459464.2136634 0.9712 0.0146
2459464.2150986 0.9931 0.0142
2459464.2165223 0.9811 0.0144
2459464.2179344 0.9698 0.0145
2459464.2193580 0.9620 0.0140
2459464.2207817 0.9463 0.0138
2459464.2221938 0.9750 0.0152
2459464.2236174 0.9763 0.0141
2459464.2250411 0.9511 0.0143
2459464.2264532 0.9836 0.0157
2459464.2278768 0.9758 0.0144
2459464.2292889 0.9901 0.0168
2459464.2307126 0.9523 0.0137
2459464.2321362 0.9655 0.0149
2459464.2335599 0.9854 0.0154
2459464.2349720 0.9586 0.0148
2459464.2479933 0.9578 0.0138
2459464.2494054 0.9573 0.0144
2459464.2508290 0.9931 0.0134
2459464.2522527 0.9949 0.0140
2459464.2536648 0.9986 0.0142
2459464.2550884 0.9956 0.0128
2459464.2565121 0.9996 0.0125
2459464.2579357 0.9942 0.0127
2459464.2593594 1.0074 0.0132
2459464.2607715 0.9761 0.0124
2459464.2621952 0.9990 0.0128
2459464.2636188 1.0097 0.0125
2459464.2650309 0.9735 0.0128
2459464.2664546 1.0095 0.0127
2459464.2678782 1.0206 0.0127
2459464.2692903 0.9975 0.0120
2459464.2707140 0.9988 0.0120
2459464.2721376 0.9962 0.0121
2459464.2735497 0.9951 0.0122
2459464.2749734 0.9967 0.0128
2459464.2763970 1.0016 0.0122
2459464.2778207 0.9960 0.0124
2459464.2792328 1.0010 0.0123
2459464.2806564 1.0244 0.0122
2459464.2820801 0.9870 0.0134
2459464.2834922 1.0014 0.0120
2459464.2849158 1.0146 0.0122
2459464.2863395 0.9862 0.0118
2459464.2877516 0.9887 0.0120
2459464.2891753 0.9897 0.0120
2459464.2948120 0.9796 0.0117
2459464.2962241 1.0032 0.0117
2459464.2976478 1.0137 0.0120
2459464.2990599 0.9819 0.0118
2459464.3004835 0.9896 0.0117
2459464.3019072 1.0161 0.0118
2459464.3033193 1.0001 0.0116
2459464.3047429 1.0012 0.0119
2459464.3061666 0.9794 0.0117
2459464.3075787 0.9846 0.0118
2459464.3090023 0.9949 0.0119
2459464.3104260 1.0186 0.0119
2459464.3118381 1.0000 0.0117
2459464.3132617 0.9989 0.0122
2459464.3146738 0.9901 0.0118
2459464.3160975 1.0042 0.0122
2459464.3175211 0.9990 0.0128
2459464.3189332 1.0004 0.0130
2459464.3203569 0.9597 0.0140
2459464.3217690 0.9732 0.0196
2459464.3231926 0.9696 0.0148
2459464.3246163 0.9957 0.0132
2459464.3260284 0.9713 0.0128
2459464.3274520 0.9771 0.0133
2459464.3288757 0.9799 0.0122
2459464.3302878 1.0110 0.0124
2459464.3317114 0.9908 0.0134
2459464.3331351 0.9803 0.0128
2459464.3345472 0.9929 0.0129
2459464.3359708 0.9961 0.0123
2459464.3416192 0.9845 0.0155
2459464.3430428 1.0141 0.0139
2459464.3444665 1.0142 0.0133
2459464.3458902 0.9888 0.0140
2459464.3473022 0.9877 0.0137
2459464.3487259 1.0089 0.0149
2459464.3501496 1.0047 0.0143
2459464.3515616 0.9981 0.0136
2459464.3529853 0.9914 0.0131
2459464.3544090 1.0046 0.0144
2459464.3558211 0.9885 0.0134
2459464.3572447 1.0218 0.0133
2459464.3586568 0.9952 0.0132
2459464.3600805 0.9935 0.0134
2459464.3614925 1.0184 0.0136
2459464.3629162 1.0021 0.0133
2459464.3643399 0.9847 0.0132
2459464.3657519 1.0098 0.0137
2459464.3671756 1.0087 0.0134
2459464.3685993 1.0185 0.0132
2459464.3700229 1.0075 0.0133
2459464.3714350 1.0092 0.0140
2459464.3728587 1.0098 0.0135
2459464.3742823 1.0062 0.0140
2459464.3756944 0.9845 0.0143
2459464.3771181 0.9674 0.0161
2459464.3785417 1.0161 0.0155
2459464.3799654 1.0063 0.0142
2459464.3813890 0.9957 0.0138
2459464.3828127 1.0336 0.0139
2459464.3883222 0.9922 0.0137
2459464.3897342 1.0064 0.0139
2459464.3911579 0.9783 0.0133
2459464.3925816 0.9879 0.0137
2459464.3940052 1.0064 0.0137
2459464.3954173 1.0023 0.0141
2459464.3968410 1.0000 0.0141
2459464.3982646 0.9925 0.0148
2459464.3996767 0.9863 0.0151
2459464.4011004 1.0460 0.0161
2459464.4025240 1.0006 0.0172
2459464.4039361 1.0234 0.0191
2459464.4053598 1.0051 0.0213
2459464.4067834 1.0385 0.0237
2459464.4081955 0.9974 0.0273
2459464.4096192 1.0148 0.0319