#BJD_TDB   flux flux_err var_flux comp_flux    x_coord    y_coord dist_center     fwhm airmass        sky ens_avg
2459464.1493208 0.9807   0.0183   0.8658    0.8832  1585.2518   978.7613    207.4552   8.5906  1.7292   289.9339 12.3916
2459464.1507445 1.0061   0.0181   0.8946    0.8849  1585.6841   977.7443    207.5901   7.3384  1.7131   288.3023 12.3839
2459464.1521682 1.0043   0.0179   0.9076    0.9000  1585.2527   979.5797    207.6854   7.8660  1.6973   286.2159 12.3663
2459464.1535803 1.0164   0.0177   0.9301    0.9134  1585.7513   978.6978    207.9173   8.1647  1.6820   283.5119 12.3526
2459464.1550039 1.0085   0.0177   0.9127    0.9035  1585.4351   978.3890    207.5280   7.8413  1.6669   283.0453 12.3647
2459464.1564160 1.0332   0.0174   0.9450    0.9036  1584.9001   979.4669    207.3153   6.3934  1.6523   277.5621 12.3532
2459464.1578397 1.0278   0.0173   0.9515    0.9206  1585.1986   978.8668    207.4335   7.4777  1.6379   274.7837 12.3400
2459464.1592633 1.0104   0.0173   0.9258    0.9154  1585.2770   978.7196    207.4678   8.8522  1.6237   275.5679 12.3512
2459464.1606754 0.9675   0.0173   0.8999    0.9219  1584.7249   978.8615    206.9771   7.8436  1.6100   272.7617 12.3350
2459464.1620991 1.0170   0.0171   0.9435    0.9248  1584.5606   979.4001    206.9707   7.5912  1.5965   270.3404 12.3378
2459464.1635227 1.0512   0.0171   0.9652    0.9144  1584.6073   977.5779    206.5089   8.0785  1.5832   267.3520 12.3490
2459464.1649464 1.0173   0.0172   0.9472    0.9289  1584.0476   979.7795    206.5862   8.6712  1.5703   264.0754 12.3339
2459464.1663585 1.0199   0.0168   0.9527    0.9322  1584.5157   978.2288    206.6002   7.8216  1.5577   262.0822 12.3303
2459464.1677821 0.9855   0.0168   0.9064    0.9180  1584.4683   979.3361    206.8641   9.4330  1.5452   258.7399 12.3471
2459464.1692058 1.0170   0.0165   0.9499    0.9276  1584.5484   979.6208    207.0214   6.9903  1.5330   254.7262 12.3305
2459464.1706179 1.0174   0.0165   0.9468    0.9317  1585.0901   978.6939    207.2811   8.2309  1.5212   252.1240 12.3344
2459464.1720415 1.0255   0.0162   0.9718    0.9468  1584.4712   978.7732    206.7089   8.7325  1.5095   248.5906 12.3147
2459464.1734652 1.0058   0.0163   0.9460    0.9376  1584.1569   978.6244    206.3655   8.5864  1.4981   246.7059 12.3229
2459464.1748889 1.0301   0.0163   0.9622    0.9292  1584.4772   978.8077    206.7243   8.3921  1.4868   245.2064 12.3304
2459464.1763010 0.9895   0.0161   0.9338    0.9429  1584.5329   979.2017    206.8883   6.3092  1.4759   243.8100 12.3193
2459464.1777246 0.9951   0.0161   0.9499    0.9547  1583.7178   978.7137    205.9690   8.2906  1.4652   240.8010 12.3068
2459464.1791483 0.9814   0.0158   0.9516    0.9625  1583.7601   978.6247    205.9846   7.5013  1.4546   238.5601 12.2898
2459464.1805604 1.0089   0.0157   0.9739    0.9570  1583.7745   979.4319    206.2257   7.3507  1.4443   237.3479 12.2947
2459464.1819840 0.9882   0.0158   0.9347    0.9412  1584.3450   979.2250    206.7145   7.8465  1.4342   234.9778 12.3167
2459464.1833961 1.0019   0.0155   0.9672    0.9643  1583.3486   978.7113    205.6139   7.7701  1.4243   234.0211 12.2947
2459464.1848198 0.9733   0.0155   0.9360    0.9585  1583.2657   979.3847    205.7244   8.7218  1.4146   231.4924 12.2988
2459464.1862434 0.9697   0.0153   0.9337    0.9618  1584.1952   978.3791    206.3340   8.4742  1.4050   228.9445 12.2973
2459464.1876671 0.9810   0.0155   0.9315    0.9429  1584.1469   978.6310    206.3578   9.9979  1.3957   226.7293 12.3126
2459464.1890792 0.9859   0.0160   0.9238    0.9326  1583.3458   979.6626    205.8802   9.6921  1.3865   225.1130 12.3270
2459464.1905028 0.9646   0.0154   0.9138    0.9457  1581.7600   978.5669    204.0489  10.1246  1.3775   222.0355 12.3151
2459464.1952137 0.9883   0.0151   0.9770    0.9790  1076.2941  1004.3520    320.7262   7.2214  1.3490   217.0690 12.2688
2459464.1966257 0.9634   0.0149   0.9347    0.9703  1074.7135  1003.8501    322.1233   6.7861  1.3408   214.9895 12.2892
2459464.1980494 0.9856   0.0151   0.9631    0.9678  1075.8246  1002.9108    320.8086   8.3041  1.3326   214.7641 12.2814
2459464.1994731 0.9921   0.0151   0.9739    0.9791  1076.3097  1003.3378    320.4490   8.4092  1.3247   212.5851 12.2765
2459464.2008852 0.9546   0.0149   0.9472    0.9822  1076.7013  1004.6970    320.4229   8.9049  1.3169   210.4099 12.2648
2459464.2023088 0.9805   0.0147   0.9606    0.9776  1076.3038  1003.1752    320.4130   8.2414  1.3093   208.9045 12.2786
2459464.2037325 0.9690   0.0146   0.9702    0.9939  1075.0230  1005.2184    322.1792   9.3195  1.3018   210.7798 12.2550
2459464.2051446 0.9609   0.0151   0.9230    0.9506  1076.2098  1002.8193    320.4128   8.1352  1.2945   207.7632 12.3000
2459464.2065682 0.9740   0.0145   0.9694    0.9889  1076.4709  1004.2956    320.5408   8.1832  1.2872   206.0243 12.2615
2459464.2079919 0.9473   0.0141   0.9647    1.0111  1076.3046  1003.5400    320.5060   8.9775  1.2801   203.7118 12.2366
2459464.2094040 0.9922   0.0142   1.0000    1.0078  1076.6246  1004.4016    320.4200   8.2319  1.2732   202.8379 12.2478
2459464.2108276 0.9650   0.0140   0.9821    1.0057  1076.3416  1004.6651    320.7618   7.3005  1.2664   202.7916 12.2373
2459464.2122513 0.9803   0.0143   0.9813    0.9912  1076.3457  1003.6950    320.5062   8.5529  1.2597   199.7143 12.2552
2459464.2136634 0.9711   0.0146   0.9665    0.9883  1076.6033  1004.3798    320.4349   9.0543  1.2532   197.6538 12.2614
2459464.2150986 0.9930   0.0142   0.9957    0.9999  1076.4010  1004.2232    320.5895   7.3974  1.2468   198.8616 12.2534
2459464.2165223 0.9811   0.0144   0.9693    0.9808  1076.4645  1004.5030    320.6010   8.9749  1.2404   195.8449 12.2694
2459464.2179344 0.9697   0.0145   0.9401    0.9662  1076.5555  1003.3357    320.2110   8.1235  1.2343   192.8864 12.2900
2459464.2193580 0.9619   0.0140   0.9675    1.0010  1075.6690  1005.2108    321.5537   9.1513  1.2282   192.2043 12.2501
2459464.2207817 0.9463   0.0138   0.9534    1.0036  1076.3591  1004.0965    320.5971   8.7393  1.2223   191.7920 12.2482
2459464.2221938 0.9749   0.0152   0.8973    0.9159  1076.6923  1004.0038    320.2513  10.5029  1.2165   187.4936 12.3464
2459464.2236174 0.9762   0.0141   0.9686    0.9782  1076.4890  1003.6736    320.3623   8.8518  1.2108   189.9348 12.2649
2459464.2250411 0.9511   0.0143   0.9184    0.9548  1075.7523  1005.7308    321.6099  10.1375  1.2052   187.3703 12.2943
2459464.2264532 0.9835   0.0157   0.8669    0.8779  1076.2855  1004.5250    320.7795  10.3164  1.1997   186.6311 12.3933
2459464.2278768 0.9757   0.0144   0.9246    0.9377  1076.1853  1005.1581    321.0417  10.4636  1.1943   186.1014 12.3148
2459464.2292889 0.9900   0.0168   0.8098    0.8116  1076.5628  1003.0784    320.1378   7.3756  1.1891   184.6274 12.4746
2459464.2307126 0.9523   0.0137   0.9717    1.0192  1076.1529  1005.5301    321.1706   7.8879  1.1839   183.5480 12.2344
2459464.2321362 0.9655   0.0149   0.8677    0.8904  1076.4949  1005.0376    320.7113  11.3142  1.1788   180.3789 12.3723
2459464.2335599 0.9853   0.0154   0.8704    0.8795  1075.7488  1006.6241    321.8498   6.6438  1.1738   180.0224 12.3909
2459464.2349720 0.9585   0.0148   0.8835    0.9183  1076.7810  1004.2832    320.2381  10.7261  1.1690   179.7499 12.3448
2459464.2479933 0.9578   0.0138   0.9215    0.9605  1410.9904   920.7205     24.9919  11.6805  1.1286   170.1722 12.2982
2459464.2494054 0.9572   0.0144   0.8730    0.9154  1411.3818   919.0938     25.4533  10.5255  1.1247   168.6284 12.3563
2459464.2508290 0.9930   0.0134   0.9972    1.0045  1412.0995   920.9553     26.0995  10.2412  1.1208   169.6061 12.2518
2459464.2522527 0.9949   0.0140   0.9448    0.9421  1412.1873   922.2839     26.2188   8.8657  1.1170   165.7358 12.3124
2459464.2536648 0.9985   0.0142   0.9293    0.9304  1410.8700   922.9127     24.9434  11.0807  1.1134   166.5863 12.3343
2459464.2550884 0.9956   0.0128   1.0336    1.0374  1411.6275   921.3615     25.6301   7.5725  1.1097   165.5952 12.2156
2459464.2565121 0.9996   0.0125   1.0683    1.0663  1411.7006   922.1968     25.7285   7.4997  1.1062   163.6463 12.1842
2459464.2579357 0.9941   0.0127   1.0618    1.0647  1411.7010   921.3264     25.7031   7.4629  1.1027   162.9329 12.1848
2459464.2593594 1.0073   0.0132   1.0142    1.0056  1411.2483   923.5596     25.3777   7.7381  1.0993   162.1037 12.2490
2459464.2607715 0.9761   0.0124   1.0358    1.0597  1411.3961   921.2246     25.3971   8.1980  1.0960   161.0721 12.1918
2459464.2621952 0.9989   0.0128   1.0293    1.0178  1410.9303   922.3430     24.9664   7.8446  1.0928   159.3206 12.2238
2459464.2636188 1.0096   0.0125   1.0763    1.0603  1411.6309   921.3018     25.6327   7.6105  1.0896   160.3036 12.1869
2459464.2650309 0.9734   0.0128   0.9974    1.0228  1411.3610   923.2380     25.4596   8.3645  1.0865   159.5982 12.2299
2459464.2664546 1.0094   0.0127   1.0583    1.0441  1411.3505   922.1239     25.3754   8.6658  1.0835   158.7668 12.2050
2459464.2678782 1.0205   0.0127   1.0565    1.0256  1411.6689   923.0819     25.7532   8.9759  1.0806   157.5106 12.2187
2459464.2692903 0.9974   0.0120   1.1016    1.1002  1411.5125   921.7056     25.5223   7.1002  1.0777   156.7084 12.1485
2459464.2707140 0.9988   0.0120   1.0988    1.0939  1411.7985   922.2150     25.8271   7.5816  1.0749   155.3262 12.1527
2459464.2721376 0.9961   0.0121   1.0915    1.0937  1411.6530   921.6704     25.6617   7.2055  1.0721   154.9482 12.1571
2459464.2735497 0.9950   0.0122   1.0560    1.0611  1411.7363   922.5853     25.7851   7.8151  1.0695   155.4801 12.1917
2459464.2749734 0.9966   0.0128   1.0214    1.0197  1411.7716   921.7187     25.7816   8.9215  1.0669   153.3741 12.2297
2459464.2763970 1.0016   0.0122   1.0802    1.0753  1411.5271   922.2926     25.5598   8.1296  1.0644   153.0403 12.1743
2459464.2778207 0.9959   0.0124   1.0655    1.0651  1411.7389   921.4497     25.7428   8.6911  1.0619   152.7026 12.1831
2459464.2792328 1.0009   0.0123   1.0632    1.0547  1412.1774   922.3439     26.2119   8.1331  1.0595   152.1472 12.1907
2459464.2806564 1.0244   0.0122   1.1100    1.0791  1411.8345   921.7962     25.8468   8.3024  1.0572   150.7694 12.1692
2459464.2820801 0.9870   0.0134   0.9531    0.9569  1411.7870   920.3785     25.7945   7.9448  1.0549   152.2089 12.2942
2459464.2834922 1.0013   0.0120   1.1015    1.1009  1411.6529   921.3761     25.6556   7.7508  1.0527   150.5121 12.1528
2459464.2849158 1.0145   0.0122   1.0894    1.0684  1411.6112   922.7111     25.6683   7.5722  1.0506   150.1929 12.1790
2459464.2863395 0.9861   0.0118   1.0862    1.0990  1411.5894   921.7472     25.6003   7.3079  1.0485   149.1789 12.1514
2459464.2877516 0.9887   0.0120   1.0579    1.0663  1411.7677   920.8989     25.7679   8.6092  1.0465   148.2754 12.1828
2459464.2891753 0.9896   0.0120   1.0803    1.0837  1411.7944   922.1545     25.8203   7.4476  1.0446   147.2368 12.1611
2459464.2948120 0.9795   0.0117   1.0766    1.0954  1397.4876   942.4988     24.3755   7.2370  1.0374   145.4639 12.1536
2459464.2962241 1.0032   0.0117   1.0994    1.0953  1397.7025   943.2917     25.1767   8.0669  1.0358   145.9314 12.1568
2459464.2976478 1.0137   0.0120   1.0755    1.0533  1397.5383   942.3507     24.2690   8.9338  1.0342   144.0911 12.1921
2459464.2990599 0.9818   0.0118   1.0879    1.1001  1397.3782   943.2874     25.0238   7.3607  1.0327   146.4962 12.1449
2459464.3004835 0.9896   0.0117   1.0946    1.0985  1397.7612   942.7779     24.7508   6.5691  1.0312   145.3890 12.1468
2459464.3019072 1.0160   0.0118   1.1179    1.0997  1397.6703   942.6049     24.5554   6.4195  1.0298   143.3178 12.1526
2459464.3033193 1.0000   0.0116   1.1104    1.1049  1397.5552   943.2080     25.0343   7.2321  1.0284   143.8915 12.1427
2459464.3047429 1.0012   0.0119   1.0776    1.0710  1397.3461   941.7575     23.6561   6.8633  1.0271   144.5377 12.1764
2459464.3061666 0.9793   0.0117   1.0762    1.0959  1397.7375   942.6642     24.6396   8.0175  1.0259   143.6251 12.1539
2459464.3075787 0.9845   0.0118   1.0883    1.1010  1397.6711   943.6923     25.5178   7.4542  1.0247   144.1981 12.1475
2459464.3090023 0.9949   0.0119   1.0810    1.0830  1397.5520   942.6640     24.5515   8.0266  1.0236   141.0600 12.1662
2459464.3104260 1.0185   0.0119   1.1052    1.0768  1397.2286   943.5057     25.1514   7.5820  1.0225   143.3548 12.1676
2459464.3118381 1.0000   0.0117   1.1061    1.1021  1397.3495   943.2196     24.9504   7.1610  1.0215   141.3847 12.1467
2459464.3132617 0.9989   0.0122   1.0486    1.0453  1398.1668   943.0980     25.2260   7.7196  1.0206   141.8754 12.2036
2459464.3146738 0.9900   0.0118   1.0717    1.0797  1397.3338   944.2892     25.9007   9.3000  1.0197   143.1152 12.1702
2459464.3160975 1.0041   0.0122   1.0636    1.0508  1396.8490   942.2017     23.8162   8.4010  1.0188   140.7017 12.1938
2459464.3175211 0.9989   0.0128   0.9800    0.9757  1397.7285   944.0279     25.8426   8.4834  1.0180   141.6916 12.2771
2459464.3189332 1.0003   0.0130   0.9681    0.9670  1397.0627   944.7310     26.1829  11.5446  1.0173   140.1952 12.2918
2459464.3203569 0.9597   0.0140   0.8496    0.8861  1395.0953   944.9705     25.6380  11.5242  1.0166   141.3148 12.3886
2459464.3217690 0.9731   0.0196   0.6148    0.6338  1397.2714   943.1123     24.8193  10.2913  1.0160   141.1872 12.7549
2459464.3231926 0.9696   0.0148   0.8153    0.8326  1395.8784   943.6485     24.7090  10.9363  1.0154   139.7499 12.4445
2459464.3246163 0.9957   0.0132   0.9419    0.9468  1397.7910   943.6669     25.5503  11.6408  1.0149   139.3640 12.3167
2459464.3260284 0.9713   0.0128   0.9602    0.9889  1396.4753   944.1066     25.3702  10.6392  1.0145   139.6043 12.2687
2459464.3274520 0.9771   0.0133   0.9257    0.9454  1396.6634   943.4119     24.8194  10.1495  1.0141   139.7686 12.3149
2459464.3288757 0.9798   0.0122   1.0104    1.0286  1397.0755   944.2976     25.7962   8.2144  1.0137   138.7850 12.2229
2459464.3302878 1.0109   0.0124   1.0306    1.0208  1396.4925   943.7789     25.0793   9.8391  1.0134   139.4437 12.2354
2459464.3317114 0.9907   0.0134   0.9213    0.9271  1396.0369   943.7804     24.8935  11.9462  1.0132   138.2849 12.3352
2459464.3331351 0.9803   0.0128   0.9627    0.9766  1398.3489   943.0350     25.2594  11.5786  1.0130   137.6943 12.2759
2459464.3345472 0.9928   0.0129   0.9617    0.9646  1397.0402   944.4544     25.9229  10.7182  1.0128   137.5859 12.2909
2459464.3359708 0.9960   0.0123   1.0225    1.0214  1397.4277   942.7406     24.5610   8.6768  1.0128   138.6719 12.2278
2459464.3416192 0.9844   0.0155   0.8673    0.8769   259.1347   931.2410   1126.9118  13.1542  1.0130   137.9680 12.3938
2459464.3430428 1.0141   0.0139   1.0280    1.0040   257.2173   931.8247   1128.8346   7.3694  1.0131   140.7537 12.2415
2459464.3444665 1.0141   0.0133   1.0640    1.0418   256.1813   932.2629   1129.8749   8.6965  1.0134   137.9259 12.2042
2459464.3458902 0.9887   0.0140   0.9868    0.9948   257.0318   930.4002   1129.0073   9.9883  1.0137   137.4110 12.2584
2459464.3473022 0.9877   0.0137   1.0178    1.0290   258.0196   932.2414   1128.0364   8.5393  1.0140   140.2624 12.2237
2459464.3487259 1.0088   0.0149   0.9401    0.9298   257.2346   933.5091   1128.8347  10.9699  1.0144   139.7282 12.3329
2459464.3501496 1.0046   0.0143   0.9767    0.9622   256.2840   932.4497   1129.7740   9.4181  1.0149   139.1463 12.2870
2459464.3515616 0.9980   0.0136   1.0435    1.0418   257.9919   931.4389   1128.0564   8.6339  1.0154   138.6400 12.2080
2459464.3529853 0.9914   0.0131   1.0622    1.0610   256.6061   931.7780   1129.4453   9.6196  1.0160   139.7058 12.1814
2459464.3544090 1.0045   0.0144   0.9764    0.9633   256.7603   932.1390   1129.2947  11.7992  1.0166   138.5444 12.2872
2459464.3558211 0.9884   0.0134   1.0472    1.0459   257.1600   933.1148   1128.9050   9.5891  1.0172   141.4838 12.1936
2459464.3572447 1.0218   0.0133   1.1090    1.0776   257.3399   932.3543   1128.7172   8.5157  1.0180   146.6643 12.1674
2459464.3586568 0.9951   0.0132   1.0812    1.0800   257.1931   932.2377   1128.8629   9.4811  1.0188   147.1588 12.1663
2459464.3600805 0.9934   0.0134   1.0660    1.0651   257.2425   932.3318   1128.8143   8.6483  1.0196   147.2827 12.1798
2459464.3614925 1.0184   0.0136   1.0670    1.0341   257.7504   931.7542   1128.3008   8.0803  1.0205   145.4290 12.2057
2459464.3629162 1.0020   0.0133   1.0751    1.0557   258.1201   931.7400   1127.9311   9.6722  1.0214   145.9408 12.1798
2459464.3643399 0.9847   0.0132   1.0536    1.0668   257.3209   932.3801   1128.7365   8.6303  1.0224   147.4882 12.1828
2459464.3657519 1.0098   0.0137   1.0662    1.0490   256.4552   933.2847   1129.6116  11.3410  1.0235   146.5350 12.1973
2459464.3671756 1.0086   0.0134   1.0729    1.0521   258.0511   932.6836   1128.0094  10.5922  1.0246   147.8998 12.1893
2459464.3685993 1.0184   0.0132   1.1057    1.0786   257.4571   932.3860   1128.6003   7.0867  1.0258   147.9841 12.1670
2459464.3700229 1.0075   0.0133   1.1014    1.0821   256.6852   933.3567   1129.3824   9.2648  1.0270   149.5686 12.1595
2459464.3714350 1.0091   0.0140   1.0364    1.0152   257.1134   932.2585   1128.9428   9.9492  1.0283   149.3416 12.2273
2459464.3728587 1.0097   0.0135   1.0746    1.0533   257.3112   932.4594   1128.7469   7.9623  1.0297   148.0784 12.1888
2459464.3742823 1.0061   0.0140   1.0243    1.0097   257.2703   932.2738   1128.7860   9.4000  1.0311   149.7099 12.2369
2459464.3756944 0.9844   0.0143   0.9930    1.0039   256.6684   933.2185   1129.3977  10.3107  1.0325   150.5534 12.2469
2459464.3771181 0.9674   0.0161   0.8636    0.8805   255.8570   931.2154   1130.1891   9.1928  1.0341   151.8714 12.3795
2459464.3785417 1.0161   0.0155   0.9352    0.9160   256.7216   933.2883   1129.3452   8.2673  1.0356   151.9875 12.3464
2459464.3799654 1.0062   0.0142   1.0298    1.0098   256.6481   933.8590   1129.4251   9.7240  1.0373   153.5937 12.2312
2459464.3813890 0.9956   0.0138   1.0255    1.0217   256.1758   932.3032   1129.8808   9.2646  1.0390   153.2006 12.2242
2459464.3828127 1.0336   0.0139   1.0884    1.0455   256.5405   932.2584   1129.5156   9.3530  1.0408   153.2720 12.2002
2459464.3883222 0.9921   0.0137   1.0415    1.0383   327.3424   920.2247   1058.6579   9.4721  1.0482   160.2901 12.2035
2459464.3897342 1.0063   0.0139   1.0512    1.0326   327.5766   919.4411   1058.4246   9.5286  1.0502   161.3017 12.2090
2459464.3911579 0.9782   0.0133   1.0719    1.0856   327.3893   919.7735   1058.6114   7.6505  1.0524   165.2208 12.1571
2459464.3925816 0.9878   0.0137   1.0562    1.0563   327.1824   917.8849   1058.8221  11.2094  1.0545   167.8444 12.1836
2459464.3940052 1.0063   0.0137   1.0829    1.0622   327.3162   921.2056   1058.6838   8.8722  1.0568   171.7974 12.1767
2459464.3954173 1.0022   0.0141   1.0711    1.0617   328.1761   920.4412   1057.8240   8.5906  1.0591   182.0321 12.1842
2459464.3968410 0.9999   0.0141   1.0844    1.0747   327.3604   919.4735   1058.6407   7.4267  1.0615   192.0484 12.1682
2459464.3982646 0.9925   0.0148   1.0568    1.0561   327.5407   920.6238   1058.4594   9.2307  1.0640   210.3314 12.1881
2459464.3996767 0.9862   0.0151   1.0806    1.0764   327.6035   919.6268   1058.3974   6.9963  1.0665   233.7861 12.1571
2459464.4011004 1.0459   0.0161   1.1568    1.0930   328.2814   919.5436   1057.7196   6.8638  1.0690   271.2775 12.1469
2459464.4025240 1.0005   0.0172   1.0971    1.0852   327.4626   918.6962   1058.5399   7.8350  1.0717   330.8917 12.1563
2459464.4039361 1.0233   0.0191   1.1101    1.0731   327.2054   921.2134   1058.7947   7.5633  1.0744   413.8642 12.1680
2459464.4053598 1.0051   0.0213   1.0976    1.0863   328.0825   920.8540   1057.9175   9.3667  1.0772   536.0568 12.1607
2459464.4067834 1.0385   0.0237   1.1300    1.0699   328.2540   919.8184   1057.7467   7.8423  1.0801   719.1319 12.1646
2459464.4081955 0.9973   0.0273   1.1085    1.0994   327.6813   919.5374   1058.3197   7.1578  1.0830   987.3130 12.1416
2459464.4096192 1.0147   0.0319   1.1261    1.1103   327.3619   920.8521   1058.6381   6.8453  1.0860  1382.9061 12.1432