#	Label	BJD_TDB	rel_flux_T1_n	rel_flux_err_T1	AIRMASS
1	fl.debias.st.0126.TIC184733148.01.fits	2459519.621081	1.008687	0.000065	1.582829
2	fl.debias.st.0128.TIC184733148.01.fits	2459519.623107	1.011369	0.000065	1.563844
3	fl.debias.st.0130.TIC184733148.01.fits	2459519.625086	1.009526	0.000064	1.545847
4	fl.debias.st.0132.TIC184733148.01.fits	2459519.627065	1.013184	0.000064	1.528380
5	fl.debias.st.0134.TIC184733148.01.fits	2459519.629044	1.010571	0.000064	1.511422
6	fl.debias.st.0136.TIC184733148.01.fits	2459519.631000	1.007207	0.000064	1.495146
7	fl.debias.st.0138.TIC184733148.01.fits	2459519.632991	1.007506	0.000064	1.479056
8	fl.debias.st.0140.TIC184733148.01.fits	2459519.634970	1.004881	0.000063	1.463520
9	fl.debias.st.0142.TIC184733148.01.fits	2459519.636984	1.008305	0.000063	1.448165
10	fl.debias.st.0144.TIC184733148.01.fits	2459519.638963	1.006199	0.000063	1.433505
11	fl.debias.st.0146.TIC184733148.01.fits	2459519.640954	1.004154	0.000063	1.419177
12	fl.debias.st.0148.TIC184733148.01.fits	2459519.642922	1.009634	0.000063	1.405412
13	fl.debias.st.0150.TIC184733148.01.fits	2459519.644912	1.008889	0.000063	1.391874
14	fl.debias.st.0152.TIC184733148.01.fits	2459519.646857	1.009614	0.000063	1.379016
15	fl.debias.st.0154.TIC184733148.01.fits	2459519.648801	1.004033	0.000063	1.366508
16	fl.debias.st.0156.TIC184733148.01.fits	2459519.650815	1.008773	0.000062	1.353911
17	fl.debias.st.0158.TIC184733148.01.fits	2459519.652783	1.008117	0.000062	1.341944
18	fl.debias.st.0160.TIC184733148.01.fits	2459519.654762	1.005212	0.000062	1.330236
19	fl.debias.st.0162.TIC184733148.01.fits	2459519.656741	1.008064	0.000062	1.318848
20	fl.debias.st.0164.TIC184733148.01.fits	2459519.658674	1.001908	0.000062	1.308027
21	fl.debias.st.0166.TIC184733148.01.fits	2459519.660653	1.010037	0.000062	1.297245
22	fl.debias.st.0168.TIC184733148.01.fits	2459519.662655	1.007447	0.000062	1.286635
23	fl.debias.st.0170.TIC184733148.01.fits	2459519.664646	1.007424	0.000061	1.276376
24	fl.debias.st.0172.TIC184733148.01.fits	2459519.666602	1.003023	0.000061	1.266569
25	fl.debias.st.0174.TIC184733148.01.fits	2459519.668605	1.009236	0.000061	1.256803
26	fl.debias.st.0176.TIC184733148.01.fits	2459519.670595	1.006071	0.000061	1.247359
27	fl.debias.st.0178.TIC184733148.01.fits	2459519.672540	1.005529	0.000061	1.238384
28	fl.debias.st.0180.TIC184733148.01.fits	2459519.674484	1.003921	0.000061	1.229649
29	fl.debias.st.0182.TIC184733148.01.fits	2459519.676417	1.005446	0.000061	1.221197
30	fl.debias.st.0184.TIC184733148.01.fits	2459519.678373	1.005029	0.000061	1.212874
31	fl.debias.st.0186.TIC184733148.01.fits	2459519.680375	1.002181	0.000061	1.204586
32	fl.debias.st.0188.TIC184733148.01.fits	2459519.682320	1.003312	0.000061	1.196759
33	fl.debias.st.0190.TIC184733148.01.fits	2459519.684276	0.998852	0.000061	1.189097
34	fl.debias.st.0192.TIC184733148.01.fits	2459519.686278	0.997254	0.000060	1.181471
35	fl.debias.st.0194.TIC184733148.01.fits	2459519.688246	0.997768	0.000060	1.174186
36	fl.debias.st.0196.TIC184733148.01.fits	2459519.690248	0.997093	0.000060	1.166979
37	fl.debias.st.0198.TIC184733148.01.fits	2459519.692193	0.995596	0.000060	1.160175
38	fl.debias.st.0200.TIC184733148.01.fits	2459519.694183	0.996206	0.000060	1.153405
39	fl.debias.st.0202.TIC184733148.01.fits	2459519.696139	0.995043	0.000060	1.146940
40	fl.debias.st.0204.TIC184733148.01.fits	2459519.698107	0.993586	0.000060	1.140621
41	fl.debias.st.0206.TIC184733148.01.fits	2459519.700052	0.996107	0.000060	1.134553
42	fl.debias.st.0208.TIC184733148.01.fits	2459519.701984	0.990666	0.000060	1.128692
43	fl.debias.st.0210.TIC184733148.01.fits	2459519.703929	0.992398	0.000060	1.122965
44	fl.debias.st.0212.TIC184733148.01.fits	2459519.705862	0.996759	0.000060	1.117436
45	fl.debias.st.0214.TIC184733148.01.fits	2459519.707818	0.994227	0.000060	1.112005
46	fl.debias.st.0216.TIC184733148.01.fits	2459519.709785	0.992372	0.000060	1.106704
47	fl.debias.st.0218.TIC184733148.01.fits	2459519.711741	0.995547	0.000060	1.101593
48	fl.debias.st.0220.TIC184733148.01.fits	2459519.713674	0.992479	0.000060	1.096695
49	fl.debias.st.0222.TIC184733148.01.fits	2459519.715619	0.995024	0.000060	1.091918
50	fl.debias.st.0224.TIC184733148.01.fits	2459519.717575	0.994515	0.000060	1.087262
51	fl.debias.st.0226.TIC184733148.01.fits	2459519.719577	0.993603	0.000060	1.082648
52	fl.debias.st.0228.TIC184733148.01.fits	2459519.721545	0.995605	0.000060	1.078262
53	fl.debias.st.0230.TIC184733148.01.fits	2459519.723489	0.991050	0.000059	1.074069
54	fl.debias.st.0232.TIC184733148.01.fits	2459519.725457	0.994285	0.000060	1.069967
55	fl.debias.st.0234.TIC184733148.01.fits	2459519.727401	0.992958	0.000059	1.066051
56	fl.debias.st.0236.TIC184733148.01.fits	2459519.729357	0.991470	0.000059	1.062246
57	fl.debias.st.0238.TIC184733148.01.fits	2459519.731325	0.990731	0.000059	1.058554
58	fl.debias.st.0240.TIC184733148.01.fits	2459519.733269	0.987767	0.000059	1.055037
59	fl.debias.st.0242.TIC184733148.01.fits	2459519.735225	0.990092	0.000059	1.051628
60	fl.debias.st.0244.TIC184733148.01.fits	2459519.737251	0.991159	0.000059	1.048233
61	fl.debias.st.0246.TIC184733148.01.fits	2459519.739195	0.990861	0.000059	1.045101
62	fl.debias.st.0248.TIC184733148.01.fits	2459519.741174	0.991558	0.000059	1.042040
63	fl.debias.st.0250.TIC184733148.01.fits	2459519.743131	0.992548	0.000059	1.039139
64	fl.debias.st.0252.TIC184733148.01.fits	2459519.745052	0.989009	0.000059	1.036408
65	fl.debias.st.0254.TIC184733148.01.fits	2459519.747008	0.989059	0.000059	1.033747
66	fl.debias.st.0256.TIC184733148.01.fits	2459519.748964	0.995329	0.000059	1.031206
67	fl.debias.st.0258.TIC184733148.01.fits	2459519.750908	0.993500	0.000059	1.028795
68	fl.debias.st.0260.TIC184733148.01.fits	2459519.752934	0.991773	0.000059	1.026407
69	fl.debias.st.0262.TIC184733148.01.fits	2459519.754913	0.991300	0.000059	1.024194
70	fl.debias.st.0264.TIC184733148.01.fits	2459519.756857	0.993467	0.000059	1.022133
71	fl.debias.st.0266.TIC184733148.01.fits	2459519.758848	0.990921	0.000059	1.020139
72	fl.debias.st.0268.TIC184733148.01.fits	2459519.760885	0.990652	0.000059	1.018219
73	fl.debias.st.0270.TIC184733148.01.fits	2459519.762876	0.996440	0.000059	1.016459
74	fl.debias.st.0272.TIC184733148.01.fits	2459519.764855	0.994392	0.000059	1.014823
75	fl.debias.st.0274.TIC184733148.01.fits	2459519.766858	0.992530	0.000059	1.013282
76	fl.debias.st.0276.TIC184733148.01.fits	2459519.768825	0.992679	0.000059	1.011880
77	fl.debias.st.0278.TIC184733148.01.fits	2459519.770781	0.992790	0.000059	1.010594
78	fl.debias.st.0280.TIC184733148.01.fits	2459519.772772	0.991353	0.000059	1.009396
79	fl.debias.st.0282.TIC184733148.01.fits	2459519.774751	0.995859	0.000059	1.008315
80	fl.debias.st.0284.TIC184733148.01.fits	2459519.776696	0.998997	0.000059	1.007360
81	fl.debias.st.0286.TIC184733148.01.fits	2459519.778675	0.996936	0.000059	1.006495
82	fl.debias.st.0288.TIC184733148.01.fits	2459519.780665	1.002874	0.000059	1.005734
83	fl.debias.st.0290.TIC184733148.01.fits	2459519.782645	0.997369	0.000059	1.005086
84	fl.debias.st.0292.TIC184733148.01.fits	2459519.784589	0.999084	0.000060	1.004555
85	fl.debias.st.0294.TIC184733148.01.fits	2459519.786545	1.006185	0.000060	1.004124
86	fl.debias.st.0296.TIC184733148.01.fits	2459519.788478	1.005577	0.000060	1.003802
87	fl.debias.st.0298.TIC184733148.01.fits	2459519.790457	1.004475	0.000060	1.003577
88	fl.debias.st.0300.TIC184733148.01.fits	2459519.792425	1.005155	0.000060	1.003460
89	fl.debias.st.0302.TIC184733148.01.fits	2459519.794462	1.002006	0.000059	1.003450
90	fl.debias.st.0304.TIC184733148.01.fits	2459519.796406	1.002363	0.000059	1.003546
91	fl.debias.st.0306.TIC184733148.01.fits	2459519.798385	1.004139	0.000059	1.003749
92	fl.debias.st.0308.TIC184733148.01.fits	2459519.800365	1.001400	0.000059	1.004060
93	fl.debias.st.0310.TIC184733148.01.fits	2459519.802344	1.002658	0.000059	1.004477
94	fl.debias.st.0312.TIC184733148.01.fits	2459519.804288	1.000302	0.000060	1.004992
95	fl.debias.st.0314.TIC184733148.01.fits	2459519.806256	1.004877	0.000059	1.005619
96	fl.debias.st.0316.TIC184733148.01.fits	2459519.808270	1.006550	0.000059	1.006370
97	fl.debias.st.0318.TIC184733148.01.fits	2459519.810284	1.007038	0.000059	1.007234
98	fl.debias.st.0320.TIC184733148.01.fits	2459519.812240	1.004664	0.000060	1.008181
99	fl.debias.st.0322.TIC184733148.01.fits	2459519.814242	0.997730	0.000059	1.009261
100	fl.debias.st.0324.TIC184733148.01.fits	2459519.816175	1.001765	0.000060	1.010409
101	fl.debias.st.0326.TIC184733148.01.fits	2459519.818131	1.007022	0.000060	1.011679
102	fl.debias.st.0328.TIC184733148.01.fits	2459519.820099	1.004121	0.000059	1.013065
103	fl.debias.st.0330.TIC184733148.01.fits	2459519.822101	1.001054	0.000059	1.014588
104	fl.debias.st.0332.TIC184733148.01.fits	2459519.824057	1.003111	0.000060	1.016188
105	fl.debias.st.0334.TIC184733148.01.fits	2459519.826013	1.004281	0.000060	1.017898
106	fl.debias.st.0336.TIC184733148.01.fits	2459519.827969	1.001286	0.000060	1.019719
107	fl.debias.st.0338.TIC184733148.01.fits	2459519.829925	1.005585	0.000060	1.021652
108	fl.debias.st.0340.TIC184733148.01.fits	2459519.831881	1.002115	0.000059	1.023698
109	fl.debias.st.0342.TIC184733148.01.fits	2459519.833860	1.004369	0.000060	1.025885
110	fl.debias.st.0344.TIC184733148.01.fits	2459519.835839	1.001829	0.000060	1.028190
111	fl.debias.st.0346.TIC184733148.01.fits	2459519.837795	1.003087	0.000060	1.030584
112	fl.debias.st.0348.TIC184733148.01.fits	2459519.839763	1.001769	0.000060	1.033111
113	fl.debias.st.0350.TIC184733148.01.fits	2459519.841707	0.997388	0.000060	1.035727
114	fl.debias.st.0352.TIC184733148.01.fits	2459519.843652	1.003906	0.000060	1.038461
115	fl.debias.st.0354.TIC184733148.01.fits	2459519.845608	1.003428	0.000061	1.041333
116	fl.debias.st.0356.TIC184733148.01.fits	2459519.847633	1.002546	0.000062	1.044436
117	fl.debias.st.0358.TIC184733148.01.fits	2459519.849601	1.002441	0.000062	1.047579
118	fl.debias.st.0360.TIC184733148.01.fits	2459519.851546	1.002755	0.000061	1.050809
119	fl.debias.st.0362.TIC184733148.01.fits	2459519.853548	1.004146	0.000061	1.054268
120	fl.debias.st.0364.TIC184733148.01.fits	2459519.855492	1.001703	0.000061	1.057757
121	fl.debias.st.0366.TIC184733148.01.fits	2459519.857495	1.001811	0.000062	1.061485
122	fl.debias.st.0368.TIC184733148.01.fits	2459519.859474	1.002488	0.000061	1.065308
123	fl.debias.st.0370.TIC184733148.01.fits	2459519.861418	1.001998	0.000062	1.069198
