#	Label	BJD_TDB	rel_flux_T1	rel_flux_err_T1	AIRMASS
1	TOI_3645-01-0012R_out.fit	2459525.490119	0.082085	0.000321	1.636683
2	TOI_3645-01-0013R_out.fit	2459525.492318	0.081834	0.000309	1.615987
3	TOI_3645-01-0014R_out.fit	2459525.494517	0.081395	0.000324	1.595918
4	TOI_3645-01-0015R_out.fit	2459525.496716	0.081805	0.000322	1.576454
5	TOI_3645-01-0016R_out.fit	2459525.498915	0.081724	0.000308	1.557572
6	TOI_3645-01-0017R_out.fit	2459525.501114	0.081351	0.000297	1.539251
7	TOI_3645-01-0018R_out.fit	2459525.503301	0.081783	0.000267	1.521562
8	TOI_3645-01-0019R_out.fit	2459525.505501	0.081859	0.000283	1.504301
9	TOI_3645-01-0020R_out.fit	2459525.507700	0.081644	0.000287	1.487543
10	TOI_3645-01-0021R_out.fit	2459525.509899	0.081756	0.000272	1.471271
11	TOI_3645-01-0022R_out.fit	2459525.512098	0.081611	0.000276	1.455469
12	TOI_3645-01-0023R_out.fit	2459525.514297	0.081836	0.000274	1.440121
13	TOI_3645-01-0024R_out.fit	2459525.516496	0.081535	0.000265	1.425211
14	TOI_3645-01-0025R_out.fit	2459525.518695	0.082260	0.000267	1.410726
15	TOI_3645-01-0026R_out.fit	2459525.520882	0.082158	0.000261	1.396725
16	TOI_3645-01-0027R_out.fit	2459525.523081	0.082012	0.000245	1.383047
17	TOI_3645-01-0028R_out.fit	2459525.525281	0.081695	0.000263	1.369754
18	TOI_3645-01-0029R_out.fit	2459525.527480	0.081859	0.000254	1.356834
19	TOI_3645-01-0032R_out.fit	2459525.534077	0.081485	0.000244	1.320202
20	TOI_3645-01-0033R_out.fit	2459525.536276	0.081840	0.000235	1.308666
21	TOI_3645-01-0034R_out.fit	2459525.538475	0.081926	0.000246	1.297451
22	TOI_3645-01-0035R_out.fit	2459525.540662	0.081779	0.000245	1.286605
23	TOI_3645-01-0036R_out.fit	2459525.542862	0.081430	0.000246	1.276003
24	TOI_3645-01-0037R_out.fit	2459525.545072	0.081274	0.000220	1.265642
25	TOI_3645-01-0038R_out.fit	2459525.547271	0.081943	0.000233	1.255623
26	TOI_3645-01-0039R_out.fit	2459525.549459	0.081301	0.000219	1.245934
27	TOI_3645-01-0040R_out.fit	2459525.551658	0.082115	0.000212	1.236463
28	TOI_3645-01-0041R_out.fit	2459525.553857	0.081818	0.000214	1.227257
29	TOI_3645-01-0042R_out.fit	2459525.556056	0.081197	0.000207	1.218308
30	TOI_3645-01-0043R_out.fit	2459525.558255	0.081991	0.000194	1.209610
31	TOI_3645-01-0044R_out.fit	2459525.560454	0.081979	0.000196	1.201157
32	TOI_3645-01-0045R_out.fit	2459525.562653	0.081701	0.000193	1.192942
33	TOI_3645-01-0046R_out.fit	2459525.564852	0.081771	0.000197	1.184961
34	TOI_3645-01-0047R_out.fit	2459525.567051	0.081503	0.000197	1.177206
35	TOI_3645-01-0048R_out.fit	2459525.569250	0.081842	0.000190	1.169673
36	TOI_3645-01-0049R_out.fit	2459525.571438	0.081678	0.000169	1.162395
37	TOI_3645-01-0050R_out.fit	2459525.573637	0.081816	0.000178	1.155290
38	TOI_3645-01-0051R_out.fit	2459525.575836	0.081647	0.000178	1.148391
39	TOI_3645-01-0052R_out.fit	2459525.578035	0.082025	0.000180	1.141696
40	TOI_3645-01-0053R_out.fit	2459525.580234	0.081927	0.000172	1.135198
41	TOI_3645-01-0054R_out.fit	2459525.582433	0.082053	0.000159	1.128895
42	TOI_3645-01-0055R_out.fit	2459525.584632	0.081784	0.000163	1.122781
43	TOI_3645-01-0056R_out.fit	2459525.586831	0.081744	0.000168	1.116854
44	TOI_3645-01-0057R_out.fit	2459525.589030	0.081839	0.000154	1.111109
45	TOI_3645-01-0058R_out.fit	2459525.591218	0.081890	0.000155	1.105572
46	TOI_3645-01-0059R_out.fit	2459525.593417	0.081623	0.000159	1.100180
47	TOI_3645-01-0060R_out.fit	2459525.595616	0.081825	0.000161	1.094961
48	TOI_3645-01-0061R_out.fit	2459525.597815	0.081534	0.000163	1.089910
49	TOI_3645-01-0062R_out.fit	2459525.600014	0.081781	0.000157	1.085026
50	TOI_3645-01-0063R_out.fit	2459525.602213	0.081517	0.000169	1.080305
51	TOI_3645-01-0064R_out.fit	2459525.604412	0.081086	0.000162	1.075744
52	TOI_3645-01-0065R_out.fit	2459525.606611	0.081034	0.000164	1.071340
53	TOI_3645-01-0066R_out.fit	2459525.608810	0.081511	0.000159	1.067092
54	TOI_3645-01-0067R_out.fit	2459525.610998	0.081164	0.000170	1.063017
55	TOI_3645-01-0068R_out.fit	2459525.613197	0.080814	0.000147	1.059071
56	TOI_3645-01-0069R_out.fit	2459525.615396	0.080946	0.000145	1.055273
57	TOI_3645-01-0070R_out.fit	2459525.617595	0.081026	0.000143	1.051621
58	TOI_3645-01-0071R_out.fit	2459525.619794	0.080631	0.000140	1.048112
59	TOI_3645-01-0072R_out.fit	2459525.621993	0.080803	0.000146	1.044746
60	TOI_3645-01-0073R_out.fit	2459525.624192	0.080831	0.000150	1.041520
61	TOI_3645-01-0074R_out.fit	2459525.626391	0.080646	0.000146	1.038432
62	TOI_3645-01-0075R_out.fit	2459525.628590	0.080905	0.000145	1.035480
63	TOI_3645-01-0076R_out.fit	2459525.630778	0.080706	0.000137	1.032678
64	TOI_3645-01-0077R_out.fit	2459525.632977	0.080573	0.000132	1.029994
65	TOI_3645-01-0078R_out.fit	2459525.635176	0.080701	0.000135	1.027442
66	TOI_3645-01-0079R_out.fit	2459525.637375	0.080898	0.000134	1.025021
67	TOI_3645-01-0080R_out.fit	2459525.639574	0.080731	0.000140	1.022730
68	TOI_3645-01-0081R_out.fit	2459525.641773	0.080654	0.000136	1.020566
69	TOI_3645-01-0082R_out.fit	2459525.643972	0.080781	0.000141	1.018529
70	TOI_3645-01-0083R_out.fit	2459525.646171	0.080613	0.000130	1.016619
71	TOI_3645-01-0084R_out.fit	2459525.648370	0.080798	0.000131	1.014833
72	TOI_3645-01-0085R_out.fit	2459525.650558	0.080705	0.000125	1.013179
73	TOI_3645-01-0086R_out.fit	2459525.652757	0.080690	0.000125	1.011640
74	TOI_3645-01-0087R_out.fit	2459525.654956	0.080848	0.000129	1.010223
75	TOI_3645-01-0088R_out.fit	2459525.657155	0.080702	0.000123	1.008927
76	TOI_3645-01-0089R_out.fit	2459525.659354	0.080888	0.000122	1.007753
77	TOI_3645-01-0090R_out.fit	2459525.661553	0.080659	0.000130	1.006698
78	TOI_3645-01-0091R_out.fit	2459525.663752	0.080637	0.000129	1.005764
79	TOI_3645-01-0092R_out.fit	2459525.665951	0.080662	0.000130	1.004948
80	TOI_3645-01-0093R_out.fit	2459525.668139	0.080647	0.000132	1.004255
81	TOI_3645-01-0094R_out.fit	2459525.670338	0.080548	0.000131	1.003676
82	TOI_3645-01-0095R_out.fit	2459525.672537	0.080791	0.000132	1.003216
83	TOI_3645-01-0096R_out.fit	2459525.674736	0.080963	0.000131	1.002873
84	TOI_3645-01-0097R_out.fit	2459525.676935	0.080908	0.000137	1.002649
85	TOI_3645-01-0098R_out.fit	2459525.679134	0.080887	0.000139	1.002542
86	TOI_3645-01-0099R_out.fit	2459525.681333	0.080796	0.000129	1.002552
87	TOI_3645-01-0100R_out.fit	2459525.683532	0.080731	0.000132	1.002680
88	TOI_3645-01-0101R_out.fit	2459525.685731	0.080806	0.000134	1.002926
89	TOI_3645-01-0102R_out.fit	2459525.687919	0.080704	0.000131	1.003288
90	TOI_3645-01-0103R_out.fit	2459525.690118	0.080754	0.000135	1.003769
91	TOI_3645-01-0104R_out.fit	2459525.692317	0.080687	0.000133	1.004368
92	TOI_3645-01-0105R_out.fit	2459525.694516	0.080766	0.000132	1.005086
93	TOI_3645-01-0106R_out.fit	2459525.696715	0.081117	0.000132	1.005922
94	TOI_3645-01-0107R_out.fit	2459525.698914	0.080975	0.000134	1.006878
95	TOI_3645-01-0108R_out.fit	2459525.701113	0.081378	0.000132	1.007954
96	TOI_3645-01-0109R_out.fit	2459525.703312	0.081521	0.000131	1.009150
97	TOI_3645-01-0110R_out.fit	2459525.705500	0.081755	0.000124	1.010460
98	TOI_3645-01-0111R_out.fit	2459525.707710	0.081773	0.000127	1.011907
99	TOI_3645-01-0112R_out.fit	2459525.709898	0.081664	0.000125	1.013460
100	TOI_3645-01-0113R_out.fit	2459525.712097	0.081589	0.000131	1.015144
101	TOI_3645-01-0114R_out.fit	2459525.714296	0.081404	0.000138	1.016952
102	TOI_3645-01-0115R_out.fit	2459525.716495	0.081697	0.000133	1.018885
103	TOI_3645-01-0116R_out.fit	2459525.718694	0.081746	0.000129	1.020944
104	TOI_3645-01-0117R_out.fit	2459525.720893	0.081644	0.000127	1.023131
105	TOI_3645-01-0118R_out.fit	2459525.723092	0.081532	0.000130	1.025446
106	TOI_3645-01-0119R_out.fit	2459525.725291	0.081746	0.000131	1.027890
107	TOI_3645-01-0120R_out.fit	2459525.727491	0.081639	0.000128	1.030465
108	TOI_3645-01-0121R_out.fit	2459525.729690	0.081621	0.000130	1.033173
109	TOI_3645-01-0122R_out.fit	2459525.731889	0.081707	0.000136	1.036014
110	TOI_3645-01-0123R_out.fit	2459525.734088	0.081610	0.000135	1.038991
111	TOI_3645-01-0124R_out.fit	2459525.736287	0.081883	0.000141	1.042104
112	TOI_3645-01-0125R_out.fit	2459525.738474	0.081756	0.000138	1.045339
113	TOI_3645-01-0126R_out.fit	2459525.740685	0.081579	0.000131	1.048749
114	TOI_3645-01-0127R_out.fit	2459525.742884	0.081610	0.000136	1.052284
115	TOI_3645-01-0128R_out.fit	2459525.745083	0.081610	0.000137	1.055963
116	TOI_3645-01-0129R_out.fit	2459525.747271	0.081696	0.000143	1.059767
117	TOI_3645-01-0130R_out.fit	2459525.749470	0.081654	0.000144	1.063740
118	TOI_3645-01-0131R_out.fit	2459525.751669	0.081769	0.000137	1.067864
119	TOI_3645-01-0132R_out.fit	2459525.753868	0.081520	0.000138	1.072141
120	TOI_3645-01-0133R_out.fit	2459525.756067	0.081529	0.000142	1.076573
121	TOI_3645-01-0134R_out.fit	2459525.758266	0.081821	0.000153	1.081163
122	TOI_3645-01-0136R_out.fit	2459525.762664	0.081916	0.000149	1.090829
123	TOI_3645-01-0137R_out.fit	2459525.764863	0.081687	0.000157	1.095911
124	TOI_3645-01-0138R_out.fit	2459525.767062	0.081894	0.000149	1.101162
125	TOI_3645-01-0139R_out.fit	2459525.769261	0.081561	0.000147	1.106585
126	TOI_3645-01-0140R_out.fit	2459525.771472	0.081465	0.000155	1.112215
127	TOI_3645-01-0141R_out.fit	2459525.773671	0.081764	0.000149	1.117995
128	TOI_3645-01-0142R_out.fit	2459525.775870	0.081706	0.000144	1.123958
