#	Label	BJD_TDB	rel_flux_T1	rel_flux_err_T1	AIRMASS
1	fl.debias.st.0778.TIC184733148.01.fits	2459501.832084	0.056837	0.000087	1.004893
2	fl.debias.st.0779.TIC184733148.01.fits	2459501.832686	0.056710	0.000087	1.004729
3	fl.debias.st.0780.TIC184733148.01.fits	2459501.833334	0.056821	0.000087	1.004562
4	fl.debias.st.0781.TIC184733148.01.fits	2459501.833948	0.056834	0.000087	1.004415
5	fl.debias.st.0782.TIC184733148.01.fits	2459501.834561	0.056811	0.000087	1.004279
6	fl.debias.st.0783.TIC184733148.01.fits	2459501.835128	0.056959	0.000087	1.004162
7	fl.debias.st.0784.TIC184733148.01.fits	2459501.835730	0.056833	0.000087	1.004047
8	fl.debias.st.0785.TIC184733148.01.fits	2459501.836320	0.056857	0.000087	1.003944
9	fl.debias.st.0786.TIC184733148.01.fits	2459501.836945	0.056992	0.000087	1.003846
10	fl.debias.st.0787.TIC184733148.01.fits	2459501.837559	0.056879	0.000087	1.003759
11	fl.debias.st.0788.TIC184733148.01.fits	2459501.838172	0.056892	0.000087	1.003683
12	fl.debias.st.0789.TIC184733148.01.fits	2459501.838786	0.056923	0.000087	1.003618
13	fl.debias.st.0790.TIC184733148.01.fits	2459501.839399	0.056934	0.000087	1.003562
14	fl.debias.st.0791.TIC184733148.01.fits	2459501.840013	0.056966	0.000087	1.003517
15	fl.debias.st.0792.TIC184733148.01.fits	2459501.840638	0.056921	0.000087	1.003481
16	fl.debias.st.0793.TIC184733148.01.fits	2459501.841251	0.056750	0.000087	1.003457
17	fl.debias.st.0794.TIC184733148.01.fits	2459501.841853	0.056999	0.000087	1.003443
18	fl.debias.st.0795.TIC184733148.01.fits	2459501.842443	0.056976	0.000087	1.003439
19	fl.debias.st.0796.TIC184733148.01.fits	2459501.843057	0.056851	0.000087	1.003445
20	fl.debias.st.0797.TIC184733148.01.fits	2459501.843682	0.056925	0.000087	1.003461
21	fl.debias.st.0798.TIC184733148.01.fits	2459501.844272	0.056838	0.000087	1.003486
22	fl.debias.st.0799.TIC184733148.01.fits	2459501.844885	0.056916	0.000087	1.003522
23	fl.debias.st.0800.TIC184733148.01.fits	2459501.845499	0.056923	0.000087	1.003569
24	fl.debias.st.0801.TIC184733148.01.fits	2459501.846124	0.056956	0.000087	1.003627
25	fl.debias.st.0802.TIC184733148.01.fits	2459501.846737	0.057034	0.000087	1.003694
26	fl.debias.st.0803.TIC184733148.01.fits	2459501.847351	0.056888	0.000087	1.003772
27	fl.debias.st.0804.TIC184733148.01.fits	2459501.847976	0.056950	0.000087	1.003862
28	fl.debias.st.0805.TIC184733148.01.fits	2459501.848589	0.056899	0.000087	1.003960
29	fl.debias.st.0806.TIC184733148.01.fits	2459501.849203	0.056783	0.000087	1.004069
30	fl.debias.st.0807.TIC184733148.01.fits	2459501.849816	0.056883	0.000087	1.004188
31	fl.debias.st.0808.TIC184733148.01.fits	2459501.850441	0.057080	0.000087	1.004319
32	fl.debias.st.0809.TIC184733148.01.fits	2459501.851055	0.056955	0.000087	1.004459
33	fl.debias.st.0810.TIC184733148.01.fits	2459501.851668	0.057049	0.000087	1.004609
34	fl.debias.st.0811.TIC184733148.01.fits	2459501.852282	0.057034	0.000087	1.004769
35	fl.debias.st.0812.TIC184733148.01.fits	2459501.852895	0.056797	0.000087	1.004940
36	fl.debias.st.0813.TIC184733148.01.fits	2459501.853508	0.056786	0.000087	1.005121
37	fl.debias.st.0814.TIC184733148.01.fits	2459501.854133	0.056908	0.000087	1.005316
38	fl.debias.st.0815.TIC184733148.01.fits	2459501.854747	0.056966	0.000087	1.005518
39	fl.debias.st.0816.TIC184733148.01.fits	2459501.855360	0.056864	0.000087	1.005730
40	fl.debias.st.0817.TIC184733148.01.fits	2459501.855974	0.056807	0.000087	1.005953
41	fl.debias.st.0818.TIC184733148.01.fits	2459501.856587	0.057007	0.000087	1.006186
42	fl.debias.st.0819.TIC184733148.01.fits	2459501.857201	0.056867	0.000087	1.006429
43	fl.debias.st.0820.TIC184733148.01.fits	2459501.857791	0.056768	0.000087	1.006673
44	fl.debias.st.0821.TIC184733148.01.fits	2459501.858381	0.056869	0.000087	1.006927
45	fl.debias.st.0822.TIC184733148.01.fits	2459501.859006	0.056897	0.000087	1.007206
46	fl.debias.st.0823.TIC184733148.01.fits	2459501.859585	0.056873	0.000087	1.007474
47	fl.debias.st.0824.TIC184733148.01.fits	2459501.860187	0.056976	0.000086	1.007763
48	fl.debias.st.0825.TIC184733148.01.fits	2459501.860800	0.056792	0.000087	1.008067
49	fl.debias.st.0826.TIC184733148.01.fits	2459501.861414	0.056729	0.000086	1.008382
50	fl.debias.st.0827.TIC184733148.01.fits	2459501.862027	0.056952	0.000086	1.008708
51	fl.debias.st.0828.TIC184733148.01.fits	2459501.862641	0.056762	0.000086	1.009044
52	fl.debias.st.0829.TIC184733148.01.fits	2459501.863243	0.056797	0.000086	1.009384
53	fl.debias.st.0830.TIC184733148.01.fits	2459501.863844	0.056756	0.000086	1.009734
54	fl.debias.st.0831.TIC184733148.01.fits	2459501.864446	0.056874	0.000086	1.010094
55	fl.debias.st.0832.TIC184733148.01.fits	2459501.865037	0.056875	0.000086	1.010457
56	fl.debias.st.0833.TIC184733148.01.fits	2459501.865639	0.056855	0.000086	1.010838
57	fl.debias.st.0834.TIC184733148.01.fits	2459501.866252	0.056940	0.000086	1.011236
58	fl.debias.st.0835.TIC184733148.01.fits	2459501.866865	0.056799	0.000086	1.011645
59	fl.debias.st.0836.TIC184733148.01.fits	2459501.867514	0.056758	0.000086	1.012088
60	fl.debias.st.0837.TIC184733148.01.fits	2459501.868127	0.056892	0.000086	1.012519
61	fl.debias.st.0838.TIC184733148.01.fits	2459501.868752	0.056913	0.000086	1.012969
62	fl.debias.st.0839.TIC184733148.01.fits	2459501.869365	0.056901	0.000086	1.013421
63	fl.debias.st.0840.TIC184733148.01.fits	2459501.869979	0.056928	0.000086	1.013885
64	fl.debias.st.0841.TIC184733148.01.fits	2459501.870592	0.056956	0.000087	1.014358
65	fl.debias.st.0842.TIC184733148.01.fits	2459501.871241	0.056837	0.000086	1.014871
66	fl.debias.st.0843.TIC184733148.01.fits	2459501.871866	0.056901	0.000086	1.015376
67	fl.debias.st.0844.TIC184733148.01.fits	2459501.872479	0.056955	0.000086	1.015883
68	fl.debias.st.0845.TIC184733148.01.fits	2459501.873092	0.057004	0.000087	1.016401
69	fl.debias.st.0846.TIC184733148.01.fits	2459501.873706	0.056802	0.000086	1.016930
70	fl.debias.st.0847.TIC184733148.01.fits	2459501.874331	0.056874	0.000087	1.017480
71	fl.debias.st.0848.TIC184733148.01.fits	2459501.874933	0.056896	0.000087	1.018020
72	fl.debias.st.0849.TIC184733148.01.fits	2459501.875558	0.056858	0.000087	1.018593
73	fl.debias.st.0850.TIC184733148.01.fits	2459501.876171	0.056906	0.000086	1.019165
74	fl.debias.st.0851.TIC184733148.01.fits	2459501.876785	0.057027	0.000087	1.019749
75	fl.debias.st.0852.TIC184733148.01.fits	2459501.877398	0.056722	0.000086	1.020344
76	fl.debias.st.0853.TIC184733148.01.fits	2459501.878012	0.056732	0.000086	1.020950
77	fl.debias.st.0854.TIC184733148.01.fits	2459501.878613	0.056893	0.000087	1.021555
78	fl.debias.st.0855.TIC184733148.01.fits	2459501.879204	0.056703	0.000086	1.022159
79	fl.debias.st.0856.TIC184733148.01.fits	2459501.879817	0.056936	0.000087	1.022797
80	fl.debias.st.0857.TIC184733148.01.fits	2459501.880408	0.056743	0.000086	1.023422
81	fl.debias.st.0858.TIC184733148.01.fits	2459501.881021	0.056807	0.000086	1.024083
82	fl.debias.st.0859.TIC184733148.01.fits	2459501.881658	0.056931	0.000086	1.024780
83	fl.debias.st.0860.TIC184733148.01.fits	2459501.882271	0.056984	0.000086	1.025464
84	fl.debias.st.0861.TIC184733148.01.fits	2459501.882884	0.057067	0.000086	1.026158
85	fl.debias.st.0862.TIC184733148.01.fits	2459501.883498	0.056989	0.000086	1.026865
86	fl.debias.st.0863.TIC184733148.01.fits	2459501.884111	0.057122	0.000086	1.027582
87	fl.debias.st.0864.TIC184733148.01.fits	2459501.884725	0.057121	0.000086	1.028311
88	fl.debias.st.0865.TIC184733148.01.fits	2459501.885350	0.056875	0.000086	1.029065
89	fl.debias.st.0866.TIC184733148.01.fits	2459501.885963	0.056959	0.000086	1.029817
90	fl.debias.st.0867.TIC184733148.01.fits	2459501.886577	0.056827	0.000086	1.030581
91	fl.debias.st.0868.TIC184733148.01.fits	2459501.887190	0.056903	0.000086	1.031356
92	fl.debias.st.0869.TIC184733148.01.fits	2459501.887815	0.057067	0.000086	1.032158
93	fl.debias.st.0870.TIC184733148.01.fits	2459501.888429	0.056911	0.000086	1.032956
94	fl.debias.st.0871.TIC184733148.01.fits	2459501.889054	0.056899	0.000086	1.033782
95	fl.debias.st.0872.TIC184733148.01.fits	2459501.889656	0.056963	0.000086	1.034588
96	fl.debias.st.0873.TIC184733148.01.fits	2459501.890281	0.057070	0.000086	1.035438
97	fl.debias.st.0874.TIC184733148.01.fits	2459501.890894	0.057029	0.000086	1.036284
98	fl.debias.st.0875.TIC184733148.01.fits	2459501.891507	0.057003	0.000086	1.037141
99	fl.debias.st.0876.TIC184733148.01.fits	2459501.892121	0.057008	0.000086	1.038010
100	fl.debias.st.0877.TIC184733148.01.fits	2459501.892734	0.056866	0.000086	1.038892
101	fl.debias.st.0878.TIC184733148.01.fits	2459501.893359	0.057060	0.000086	1.039802
102	fl.debias.st.0879.TIC184733148.01.fits	2459501.893973	0.056927	0.000086	1.040708
103	fl.debias.st.0880.TIC184733148.01.fits	2459501.894586	0.057084	0.000086	1.041625
104	fl.debias.st.0881.TIC184733148.01.fits	2459501.895200	0.056971	0.000086	1.042555
105	fl.debias.st.0882.TIC184733148.01.fits	2459501.895813	0.056915	0.000086	1.043497
106	fl.debias.st.0883.TIC184733148.01.fits	2459501.896438	0.056908	0.000086	1.044469
107	fl.debias.st.0884.TIC184733148.01.fits	2459501.897040	0.057030	0.000086	1.045417
108	fl.debias.st.0885.TIC184733148.01.fits	2459501.897665	0.056676	0.000086	1.046414
109	fl.debias.st.0886.TIC184733148.01.fits	2459501.898278	0.056738	0.000086	1.047405
110	fl.debias.st.0887.TIC184733148.01.fits	2459501.898892	0.056842	0.000086	1.048409
111	fl.debias.st.0888.TIC184733148.01.fits	2459501.899517	0.056921	0.000086	1.049444
112	fl.debias.st.0889.TIC184733148.01.fits	2459501.900130	0.056974	0.000086	1.050473
113	fl.debias.st.0890.TIC184733148.01.fits	2459501.900744	0.056822	0.000087	1.051514
114	fl.debias.st.0891.TIC184733148.01.fits	2459501.901357	0.056874	0.000087	1.052568
115	fl.debias.st.0892.TIC184733148.01.fits	2459501.901971	0.056792	0.000086	1.053634
116	fl.debias.st.0893.TIC184733148.01.fits	2459501.902561	0.056810	0.000086	1.054673
117	fl.debias.st.0894.TIC184733148.01.fits	2459501.903186	0.056991	0.000086	1.055785
118	fl.debias.st.0895.TIC184733148.01.fits	2459501.903800	0.056851	0.000086	1.056890
119	fl.debias.st.0896.TIC184733148.01.fits	2459501.904413	0.056949	0.000086	1.058007
120	fl.debias.st.0897.TIC184733148.01.fits	2459501.905003	0.056885	0.000086	1.059094
121	fl.debias.st.0898.TIC184733148.01.fits	2459501.905594	0.056814	0.000086	1.060194
122	fl.debias.st.0899.TIC184733148.01.fits	2459501.906184	0.056924	0.000086	1.061306
123	fl.debias.st.0900.TIC184733148.01.fits	2459501.906797	0.057036	0.000087	1.062474
124	fl.debias.st.0901.TIC184733148.01.fits	2459501.907422	0.056768	0.000086	1.063677
125	fl.debias.st.0902.TIC184733148.01.fits	2459501.908036	0.056901	0.000087	1.064872
126	fl.debias.st.0903.TIC184733148.01.fits	2459501.908661	0.056924	0.000087	1.066103
127	fl.debias.st.0904.TIC184733148.01.fits	2459501.909263	0.056923	0.000087	1.067301
128	fl.debias.st.0905.TIC184733148.01.fits	2459501.909888	0.056987	0.000087	1.068559
129	fl.debias.st.0906.TIC184733148.01.fits	2459501.910501	0.056858	0.000087	1.069808
130	fl.debias.st.0907.TIC184733148.01.fits	2459501.911115	0.056722	0.000087	1.071070
131	fl.debias.st.0908.TIC184733148.01.fits	2459501.911728	0.056826	0.000087	1.072346
132	fl.debias.st.0909.TIC184733148.01.fits	2459501.912318	0.056806	0.000087	1.073586
133	fl.debias.st.0910.TIC184733148.01.fits	2459501.912909	0.056918	0.000087	1.074839
134	fl.debias.st.0911.TIC184733148.01.fits	2459501.913522	0.057044	0.000087	1.076155
135	fl.debias.st.0912.TIC184733148.01.fits	2459501.914136	0.056731	0.000086	1.077485
136	fl.debias.st.0913.TIC184733148.01.fits	2459501.914737	0.056819	0.000087	1.078803
137	fl.debias.st.0914.TIC184733148.01.fits	2459501.915328	0.057020	0.000087	1.080109
138	fl.debias.st.0915.TIC184733148.01.fits	2459501.915941	0.056812	0.000087	1.081480
139	fl.debias.st.0916.TIC184733148.01.fits	2459501.916566	0.056897	0.000087	1.082892
140	fl.debias.st.0917.TIC184733148.01.fits	2459501.917180	0.056911	0.000087	1.084291
141	fl.debias.st.0918.TIC184733148.01.fits	2459501.917770	0.056956	0.000086	1.085652
142	fl.debias.st.0919.TIC184733148.01.fits	2459501.918383	0.056903	0.000086	1.087080
143	fl.debias.st.0920.TIC184733148.01.fits	2459501.918997	0.056975	0.000087	1.088522
144	fl.debias.st.0921.TIC184733148.01.fits	2459501.919599	0.056840	0.000087	1.089951
145	fl.debias.st.0922.TIC184733148.01.fits	2459501.920189	0.056897	0.000087	1.091367
146	fl.debias.st.0923.TIC184733148.01.fits	2459501.920791	0.056932	0.000087	1.092824
147	fl.debias.st.0924.TIC184733148.01.fits	2459501.921404	0.056872	0.000087	1.094324
148	fl.debias.st.0925.TIC184733148.01.fits	2459501.921995	0.056875	0.000087	1.095781
149	fl.debias.st.0926.TIC184733148.01.fits	2459501.922608	0.056838	0.000087	1.097311
150	fl.debias.st.0927.TIC184733148.01.fits	2459501.923198	0.056850	0.000087	1.098796
151	fl.debias.st.0928.TIC184733148.01.fits	2459501.923789	0.056762	0.000087	1.100296
152	fl.debias.st.0929.TIC184733148.01.fits	2459501.924379	0.056702	0.000087	1.101810
153	fl.debias.st.0930.TIC184733148.01.fits	2459501.924992	0.056617	0.000086	1.103398
154	fl.debias.st.0931.TIC184733148.01.fits	2459501.925594	0.056820	0.000086	1.104971
155	fl.debias.st.0932.TIC184733148.01.fits	2459501.926208	0.056746	0.000087	1.106590
156	fl.debias.st.0933.TIC184733148.01.fits	2459501.926821	0.056541	0.000087	1.108224
157	fl.debias.st.0934.TIC184733148.01.fits	2459501.927435	0.056569	0.000087	1.109874
158	fl.debias.st.0935.TIC184733148.01.fits	2459501.928048	0.056640	0.000087	1.111540
159	fl.debias.st.0936.TIC184733148.01.fits	2459501.928661	0.056462	0.000087	1.113221
160	fl.debias.st.0937.TIC184733148.01.fits	2459501.929286	0.056444	0.000087	1.114951
161	fl.debias.st.0938.TIC184733148.01.fits	2459501.929900	0.056516	0.000087	1.116665
162	fl.debias.st.0939.TIC184733148.01.fits	2459501.930513	0.056662	0.000087	1.118394
163	fl.debias.st.0940.TIC184733148.01.fits	2459501.931127	0.056544	0.000087	1.120140
164	fl.debias.st.0941.TIC184733148.01.fits	2459501.931740	0.056544	0.000087	1.121903
165	fl.debias.st.0942.TIC184733148.01.fits	2459501.932365	0.056538	0.000087	1.123715
166	fl.debias.st.0943.TIC184733148.01.fits	2459501.932967	0.056376	0.000087	1.125477
167	fl.debias.st.0944.TIC184733148.01.fits	2459501.933592	0.056396	0.000087	1.127324
168	fl.debias.st.0945.TIC184733148.01.fits	2459501.934206	0.056411	0.000087	1.129153
169	fl.debias.st.0946.TIC184733148.01.fits	2459501.934819	0.056391	0.000087	1.130999
170	fl.debias.st.0947.TIC184733148.01.fits	2459501.935433	0.056468	0.000087	1.132862
171	fl.debias.st.0948.TIC184733148.01.fits	2459501.936046	0.056271	0.000087	1.134741
172	fl.debias.st.0949.TIC184733148.01.fits	2459501.936671	0.056324	0.000087	1.136675
173	fl.debias.st.0950.TIC184733148.01.fits	2459501.937284	0.056320	0.000087	1.138589
174	fl.debias.st.0951.TIC184733148.01.fits	2459501.937898	0.056298	0.000087	1.140522
175	fl.debias.st.0952.TIC184733148.01.fits	2459501.938511	0.056382	0.000088	1.142471
176	fl.debias.st.0953.TIC184733148.01.fits	2459501.939136	0.056402	0.000088	1.144476
177	fl.debias.st.0954.TIC184733148.01.fits	2459501.939750	0.056293	0.000088	1.146461
178	fl.debias.st.0955.TIC184733148.01.fits	2459501.940363	0.056277	0.000087	1.148465
179	fl.debias.st.0956.TIC184733148.01.fits	2459501.940977	0.056311	0.000087	1.150486
180	fl.debias.st.0957.TIC184733148.01.fits	2459501.941590	0.056362	0.000087	1.152526
181	fl.debias.st.0958.TIC184733148.01.fits	2459501.942204	0.056325	0.000087	1.154583
182	fl.debias.st.0959.TIC184733148.01.fits	2459501.942817	0.056122	0.000088	1.156659
183	fl.debias.st.0960.TIC184733148.01.fits	2459501.943442	0.056184	0.000088	1.158794
184	fl.debias.st.0961.TIC184733148.01.fits	2459501.944056	0.056208	0.000088	1.160907
185	fl.debias.st.0962.TIC184733148.01.fits	2459501.944669	0.056303	0.000088	1.163040
186	fl.debias.st.0963.TIC184733148.01.fits	2459501.945282	0.056201	0.000088	1.165191
187	fl.debias.st.0964.TIC184733148.01.fits	2459501.945907	0.056109	0.000087	1.167402
188	fl.debias.st.0965.TIC184733148.01.fits	2459501.946521	0.056106	0.000088	1.169592
189	fl.debias.st.0966.TIC184733148.01.fits	2459501.947134	0.056330	0.000088	1.171801
190	fl.debias.st.0967.TIC184733148.01.fits	2459501.947748	0.056231	0.000088	1.174030
191	fl.debias.st.0968.TIC184733148.01.fits	2459501.948361	0.056195	0.000088	1.176278
192	fl.debias.st.0969.TIC184733148.01.fits	2459501.948986	0.056420	0.000088	1.178589
193	fl.debias.st.0970.TIC184733148.01.fits	2459501.949600	0.056214	0.000088	1.180877
194	fl.debias.st.0971.TIC184733148.01.fits	2459501.950213	0.056325	0.000088	1.183185
195	fl.debias.st.0972.TIC184733148.01.fits	2459501.950827	0.056222	0.000087	1.185514
196	fl.debias.st.0973.TIC184733148.01.fits	2459501.951440	0.056290	0.000088	1.187862
197	fl.debias.st.0974.TIC184733148.01.fits	2459501.952053	0.056532	0.000088	1.190231
198	fl.debias.st.0975.TIC184733148.01.fits	2459501.952678	0.056134	0.000088	1.192666
199	fl.debias.st.0976.TIC184733148.01.fits	2459501.953292	0.056398	0.000088	1.195077
200	fl.debias.st.0977.TIC184733148.01.fits	2459501.953905	0.056356	0.000088	1.197509
201	fl.debias.st.0978.TIC184733148.01.fits	2459501.954519	0.056337	0.000088	1.199962
202	fl.debias.st.0979.TIC184733148.01.fits	2459501.955144	0.056386	0.000088	1.202483
203	fl.debias.st.0980.TIC184733148.01.fits	2459501.955746	0.056198	0.000088	1.204932
204	fl.debias.st.0981.TIC184733148.01.fits	2459501.956359	0.056205	0.000087	1.207449
205	fl.debias.st.0982.TIC184733148.01.fits	2459501.956984	0.056396	0.000088	1.210036
206	fl.debias.st.0983.TIC184733148.01.fits	2459501.957598	0.056209	0.000088	1.212598
207	fl.debias.st.0984.TIC184733148.01.fits	2459501.958211	0.056251	0.000088	1.215181
208	fl.debias.st.0985.TIC184733148.01.fits	2459501.958825	0.056198	0.000088	1.217787
209	fl.debias.st.0986.TIC184733148.01.fits	2459501.959438	0.056001	0.000088	1.220415
210	fl.debias.st.0987.TIC184733148.01.fits	2459501.960063	0.056334	0.000088	1.223116
211	fl.debias.st.0988.TIC184733148.01.fits	2459501.960665	0.056327	0.000088	1.225740
212	fl.debias.st.0989.TIC184733148.01.fits	2459501.961290	0.056246	0.000088	1.228487
213	fl.debias.st.0990.TIC184733148.01.fits	2459501.961903	0.056251	0.000088	1.231208
214	fl.debias.st.0991.TIC184733148.01.fits	2459501.962528	0.056198	0.000088	1.234003
215	fl.debias.st.0992.TIC184733148.01.fits	2459501.963188	0.056201	0.000088	1.236981
216	fl.debias.st.0993.TIC184733148.01.fits	2459501.963802	0.056453	0.000088	1.239774
217	fl.debias.st.0994.TIC184733148.01.fits	2459501.964392	0.056397	0.000088	1.242484
218	fl.debias.st.0995.TIC184733148.01.fits	2459501.965017	0.056465	0.000088	1.245379
219	fl.debias.st.0996.TIC184733148.01.fits	2459501.965630	0.056636	0.000088	1.248244
220	fl.debias.st.0997.TIC184733148.01.fits	2459501.966244	0.056497	0.000088	1.251134
221	fl.debias.st.0998.TIC184733148.01.fits	2459501.966869	0.056262	0.000087	1.254104
222	fl.debias.st.0999.TIC184733148.01.fits	2459501.967482	0.056379	0.000088	1.257044
223	fl.debias.st.1000.TIC184733148.01.fits	2459501.968096	0.056239	0.000088	1.260009
224	fl.debias.st.1001.TIC184733148.01.fits	2459501.968709	0.056383	0.000088	1.263000
225	fl.debias.st.1002.TIC184733148.01.fits	2459501.969334	0.056235	0.000088	1.266073
226	fl.debias.st.1003.TIC184733148.01.fits	2459501.969948	0.056265	0.000087	1.269116
227	fl.debias.st.1004.TIC184733148.01.fits	2459501.970561	0.056286	0.000088	1.272184
228	fl.debias.st.1005.TIC184733148.01.fits	2459501.971209	0.056391	0.000088	1.275456
229	fl.debias.st.1006.TIC184733148.01.fits	2459501.971823	0.056342	0.000088	1.278579
230	fl.debias.st.1007.TIC184733148.01.fits	2459501.972448	0.056222	0.000088	1.281788
231	fl.debias.st.1008.TIC184733148.01.fits	2459501.973061	0.056365	0.000088	1.284966
232	fl.debias.st.1009.TIC184733148.01.fits	2459501.973675	0.056370	0.000088	1.288170
233	fl.debias.st.1010.TIC184733148.01.fits	2459501.974288	0.056449	0.000088	1.291402
234	fl.debias.st.1011.TIC184733148.01.fits	2459501.974913	0.056436	0.000088	1.294724
235	fl.debias.st.1012.TIC184733148.01.fits	2459501.975515	0.056242	0.000088	1.297950
236	fl.debias.st.1013.TIC184733148.01.fits	2459501.976140	0.056270	0.000088	1.301329
237	fl.debias.st.1014.TIC184733148.01.fits	2459501.976788	0.056211	0.000088	1.304864
238	fl.debias.st.1015.TIC184733148.01.fits	2459501.977402	0.056259	0.000088	1.308240
239	fl.debias.st.1016.TIC184733148.01.fits	2459501.978015	0.056244	0.000088	1.311644
240	fl.debias.st.1017.TIC184733148.01.fits	2459501.978617	0.056337	0.000088	1.315013
241	fl.debias.st.1018.TIC184733148.01.fits	2459501.979207	0.056242	0.000088	1.318345
242	fl.debias.st.1019.TIC184733148.01.fits	2459501.979821	0.056337	0.000088	1.321836
243	fl.debias.st.1020.TIC184733148.01.fits	2459501.980411	0.056265	0.000088	1.325225
244	fl.debias.st.1021.TIC184733148.01.fits	2459501.981001	0.056279	0.000088	1.328641
245	fl.debias.st.1022.TIC184733148.01.fits	2459501.981626	0.056358	0.000088	1.332289
246	fl.debias.st.1023.TIC184733148.01.fits	2459501.982240	0.056212	0.000088	1.335901
247	fl.debias.st.1024.TIC184733148.01.fits	2459501.982853	0.056225	0.000088	1.339544
248	fl.debias.st.1025.TIC184733148.01.fits	2459501.983467	0.056058	0.000088	1.343219
249	fl.debias.st.1026.TIC184733148.01.fits	2459501.984080	0.056267	0.000088	1.346926
250	fl.debias.st.1027.TIC184733148.01.fits	2459501.984693	0.056266	0.000089	1.350664
251	fl.debias.st.1028.TIC184733148.01.fits	2459501.985307	0.056339	0.000089	1.354435
252	fl.debias.st.1029.TIC184733148.01.fits	2459501.985932	0.056229	0.000089	1.358311
253	fl.debias.st.1030.TIC184733148.01.fits	2459501.986545	0.056302	0.000089	1.362149
254	fl.debias.st.1031.TIC184733148.01.fits	2459501.987159	0.056384	0.000089	1.366019
255	fl.debias.st.1032.TIC184733148.01.fits	2459501.987772	0.056239	0.000089	1.369924
256	fl.debias.st.1033.TIC184733148.01.fits	2459501.988397	0.056278	0.000089	1.373937
257	fl.debias.st.1034.TIC184733148.01.fits	2459501.988988	0.056388	0.000089	1.377760
258	fl.debias.st.1035.TIC184733148.01.fits	2459501.989601	0.056351	0.000089	1.381768
259	fl.debias.st.1036.TIC184733148.01.fits	2459501.990214	0.056328	0.000088	1.385810
260	fl.debias.st.1037.TIC184733148.01.fits	2459501.990816	0.056369	0.000089	1.389810
261	fl.debias.st.1038.TIC184733148.01.fits	2459501.991441	0.056312	0.000088	1.394000
262	fl.debias.st.1039.TIC184733148.01.fits	2459501.992055	0.056152	0.000089	1.398150
263	fl.debias.st.1040.TIC184733148.01.fits	2459501.992668	0.056405	0.000089	1.402336
264	fl.debias.st.1041.TIC184733148.01.fits	2459501.993293	0.056363	0.000089	1.406639
265	fl.debias.st.1042.TIC184733148.01.fits	2459501.993907	0.056385	0.000089	1.410899
266	fl.debias.st.1043.TIC184733148.01.fits	2459501.994520	0.056298	0.000089	1.415198
267	fl.debias.st.1044.TIC184733148.01.fits	2459501.995145	0.056356	0.000089	1.419616
268	fl.debias.st.1045.TIC184733148.01.fits	2459501.995770	0.056438	0.000089	1.424074
269	fl.debias.st.1046.TIC184733148.01.fits	2459501.996395	0.056342	0.000089	1.428573
270	fl.debias.st.1047.TIC184733148.01.fits	2459501.997009	0.056432	0.000089	1.433028
271	fl.debias.st.1048.TIC184733148.01.fits	2459501.997599	0.056449	0.000089	1.437352
272	fl.debias.st.1049.TIC184733148.01.fits	2459501.998212	0.056445	0.000089	1.441885
273	fl.debias.st.1050.TIC184733148.01.fits	2459501.998837	0.056379	0.000089	1.446545
274	fl.debias.st.1051.TIC184733148.01.fits	2459501.999439	0.056264	0.000089	1.451073
275	fl.debias.st.1052.TIC184733148.01.fits	2459502.000064	0.056470	0.000089	1.455817
276	fl.debias.st.1053.TIC184733148.01.fits	2459502.000678	0.056326	0.000089	1.460515
277	fl.debias.st.1054.TIC184733148.01.fits	2459502.001291	0.056399	0.000089	1.465255
278	fl.debias.st.1055.TIC184733148.01.fits	2459502.001916	0.056494	0.000089	1.470129
279	fl.debias.st.1056.TIC184733148.01.fits	2459502.002530	0.056195	0.000089	1.474956
280	fl.debias.st.1057.TIC184733148.01.fits	2459502.003143	0.056302	0.000089	1.479827
281	fl.debias.st.1058.TIC184733148.01.fits	2459502.003757	0.056506	0.000090	1.484741
282	fl.debias.st.1059.TIC184733148.01.fits	2459502.004370	0.056221	0.000089	1.489701
283	fl.debias.st.1060.TIC184733148.01.fits	2459502.004983	0.056518	0.000090	1.494705
284	fl.debias.st.1061.TIC184733148.01.fits	2459502.005609	0.056404	0.000090	1.499850
285	fl.debias.st.1062.TIC184733148.01.fits	2459502.006222	0.056257	0.000089	1.504947
286	fl.debias.st.1063.TIC184733148.01.fits	2459502.006835	0.056297	0.000089	1.510090
287	fl.debias.st.1064.TIC184733148.01.fits	2459502.007449	0.056157	0.000090	1.515281
288	fl.debias.st.1065.TIC184733148.01.fits	2459502.008062	0.056535	0.000090	1.520519
289	fl.debias.st.1066.TIC184733148.01.fits	2459502.008676	0.056230	0.000089	1.525805
290	fl.debias.st.1067.TIC184733148.01.fits	2459502.009301	0.056418	0.000090	1.531241
291	fl.debias.st.1068.TIC184733148.01.fits	2459502.009914	0.056384	0.000089	1.536626
292	fl.debias.st.1069.TIC184733148.01.fits	2459502.010528	0.056227	0.000089	1.542061
293	fl.debias.st.1070.TIC184733148.01.fits	2459502.011141	0.056446	0.000090	1.547546
294	fl.debias.st.1071.TIC184733148.01.fits	2459502.011755	0.056618	0.000090	1.553082
295	fl.debias.st.1072.TIC184733148.01.fits	2459502.012368	0.056479	0.000090	1.558670
296	fl.debias.st.1073.TIC184733148.01.fits	2459502.012993	0.056588	0.000090	1.564417
297	fl.debias.st.1074.TIC184733148.01.fits	2459502.013606	0.056315	0.000090	1.570110
298	fl.debias.st.1075.TIC184733148.01.fits	2459502.014220	0.056370	0.000090	1.575857
299	fl.debias.st.1076.TIC184733148.01.fits	2459502.014833	0.056482	0.000090	1.581658
300	fl.debias.st.1077.TIC184733148.01.fits	2459502.015447	0.056277	0.000090	1.587514
301	fl.debias.st.1078.TIC184733148.01.fits	2459502.016072	0.056528	0.000090	1.593537
302	fl.debias.st.1079.TIC184733148.01.fits	2459502.016685	0.056531	0.000090	1.599505
303	fl.debias.st.1080.TIC184733148.01.fits	2459502.017299	0.056518	0.000090	1.605530
304	fl.debias.st.1081.TIC184733148.01.fits	2459502.017912	0.056674	0.000091	1.611612
